CG: 21.413790 25.817614 30.008963 23.812038 23.356909 18.392389 17.686691 14.965295 16.315878 28.189285 38.181381 41.989601 29.321936 21.847239 19.398006 14.677813 31.883595 32.794239 33.717636 17.983891 19.416559 15.810433 18.133532 16.514442 14.723484 13.998265 13.975767 19.379128 28.219086 30.830124 13.525970 12.359394 15.682198 14.623116 13.146280 16.036833 16.981535 14.564907 23.404112 25.345903 12.486377 16.149698 14.446270 14.439455 18.160151 19.539450 21.093744 14.732428 13.447320 17.556801 13.242086 15.924339 20.085766 16.659681 20.795271 23.188259 22.992077 29.694929 31.147129 13.977935 14.498949 11.746864 22.424389 22.683426 23.477070 18.373039 17.435946 14.365463 15.151756 17.574411 24.044413 16.528463 14.625407 13.868608 14.649505 25.428202 14.524883 13.214643 16.358778 17.622225 26.691456 30.862938 26.098581 27.995298 34.225834 21.576422 26.438200 22.583584 30.545197 34.931850 20.333351 24.334415 30.672255 24.589521 28.226295 32.936333 14.167953 34.871326 34.500290 34.887253 37.585426 39.954323 38.580830 40.475349 41.055050 25.763868 28.172670 29.222754 20.868183 26.522047 16.586180 24.280783 17.006865 

CC: 17.438246 22.780985 25.200504 20.087358 21.139959 18.291286 16.732990 13.768636 13.648606 24.246796 33.476238 36.683258 9.904844 11.317312 14.391800 13.017430 12.693058 19.200211 21.366211 12.004912 20.666767 22.260250 10.896841 13.441486 15.010726 12.614850 13.967140 23.123762 26.376171 13.027208 20.680782 22.233168 16.913092 22.295639 22.206892 27.903101 28.725830 15.364220 11.994284 12.628183 19.980080 21.981421 27.805668 29.041859 22.790209 15.241658 22.617634 18.796900 22.319265 29.289934 31.482132 26.231245 19.545961 27.782372 16.645689 22.078209 18.173141 32.046772 34.379326 16.955353 14.538584 33.206001 33.817829 18.683096 39.032925 38.598381 20.605270 39.349934 38.424770 27.176897 23.091719 

UG: 26.036419 25.274094 31.754025 16.004036 21.136541 25.979548 11.044239 17.198484 20.994158 19.205942 16.252684 19.131802 20.206459 22.956593 17.961641 16.361425 13.448859 12.924306 13.434874 9.239647 14.529338 16.427687 25.308643 15.332627 20.204330 27.574543 19.996052 

AC: 27.967182 22.122261 14.437216 15.830217 19.455879 23.457272 22.887650 27.363276 33.473095 34.117016 16.967178 17.572441 12.442143 9.158125 12.406056 11.808681 13.795128 20.908167 20.548841 16.452482 22.913351 17.664843 12.912823 11.991383 9.655817 8.171328 18.754534 20.918274 16.609535 19.572937 19.073990 19.327911 27.377529 29.824402 12.278042 17.994057 16.692541 21.480341 23.542507 17.543604 13.560509 18.676497 19.306099 18.464659 16.522709 10.730399 25.517269 21.133820 19.406052 23.539022 21.577641 19.077284 13.624997 18.329315 28.953320 25.112597 23.340628 25.506004 22.107534 18.095299 13.814201 23.463339 16.697323 21.465853 29.417360 32.644039 28.249899 24.983881 32.774010 21.782627 19.493904 17.518759 13.175738 8.220934 11.754037 28.173395 32.823528 16.730101 15.047409 13.798471 9.693415 7.640105 15.304273 31.412292 32.931168 13.043077 16.202528 16.622223 18.105127 26.413635 39.593063 37.951008 17.065931 20.544472 23.048248 31.070284 41.564323 37.825687 16.216619 34.148418 32.461506 28.540184 26.551804 25.365936 22.723356 18.239782 29.870224 24.343031 30.389290 28.006655 30.143026 29.903687 26.442789 28.543760 21.553783 

GG: 16.854015 33.792175 21.799206 19.042267 16.424635 33.742718 35.217598 37.671036 23.562147 20.156618 17.926365 13.024738 27.980511 28.681545 28.911295 17.335291 18.221849 16.226652 12.831337 23.220417 24.018246 24.279640 24.449421 24.208057 24.737608 17.985929 18.084991 16.657806 22.405758 13.984111 16.688496 24.590570 17.170176 17.100985 20.759567 28.106794 29.418007 32.429379 35.492641 16.766590 

AU: 12.777984 14.428104 12.339905 17.156021 23.072647 17.837559 15.403249 20.831818 20.334393 19.096704 14.999414 13.686595 17.373550 15.464410 25.633215 32.279018 21.845613 27.288128 17.853027 22.483746 19.242878 14.894869 24.770088 29.804607 16.242924 24.768410 

AA: 22.108147 25.322546 19.333139 13.601495 13.826045 13.884296 12.379157 18.752371 16.715096 31.097500 27.790775 25.947870 26.077721 21.512157 16.825512 17.342646 28.829828 17.886847 21.238773 28.780861 37.565765 32.121086 14.023496 17.593031 24.276180 32.231960 26.329212 13.566496 19.603287 28.589104 22.965723 14.570765 30.598198 28.622555 27.986355 29.613939 21.255152 27.405245 17.168428 

AG: 31.763887 22.760504 18.896814 20.864588 24.054729 26.100813 24.546570 28.809328 36.595131 39.302097 22.545128 20.233479 12.201110 11.392787 14.295065 19.506561 19.463343 23.703762 29.117689 28.459263 16.307817 18.470020 13.440624 9.571616 9.749736 15.333124 15.473437 19.028898 24.610983 23.286055 21.116058 20.319391 21.945963 15.261971 16.940138 18.722145 24.456430 25.970564 19.751806 14.465483 17.316938 18.347254 17.158125 18.253368 12.104650 25.484720 14.216321 14.763090 21.191996 29.832371 26.727966 24.544010 22.783957 17.520941 13.182441 20.601999 31.033810 25.967516 23.373947 21.381060 18.344641 12.941363 11.689274 24.789190 32.502396 11.462692 11.426889 12.362789 11.181548 12.213852 20.609623 34.827080 33.910061 35.568600 36.986893 36.440071 30.488873 31.737322 30.952284 25.998062 27.619877 27.575369 24.123655 27.698088 31.212196 19.934196 24.213366 29.727327 16.309385 24.393467 23.949297 20.798588 

UC: 21.375990 24.258648 29.954065 9.122650 12.932425 15.503157 11.775227 9.016096 9.683693 19.903805 17.439995 20.959648 21.612104 26.911480 27.622751 18.634575 12.501611 17.276043 19.961315 17.428415 19.041567 16.136604 7.364238 16.412699 10.815077 20.295204 22.140802 31.011618 27.237741 35.113422 16.776493 21.570774 29.180964 30.862059 22.911383 26.488472 

UU: 20.069717 17.883263